PlayerPos
500
0
Element
0
-500
2000
1000
BLUE.jpg
0
Obstacle
0
-550
2050
50
F
0
Obstacle
2000
-500
50
1050
F
0
Obstacle
-50
500
2050
50
F
0
Obstacle
-50
-550
50
1050
F
0
Obstacle
200
-300
200
200
T
3
0
0
0
200
200
0
Obstacle
200
100
200
200
T
3
0
0
0
200
200
200
Obstacle
600
100
200
200
T
3
200
0
0
200
200
200
Obstacle
600
-300
200
200
T
3
0
0
200
200
200
0
Turret
L
1000
300
75
20
100
5
1.57079632679
0
3
Turret
L
1000
-375
75
20
100
5
1.57079632679
0
3
Turret
S
1700
300
75
20
100
2
1.57079632679
0
1000
Turret
S
1700
-375
75
20
100
2
1.57079632679
0
1000
end
