Element
-1000
-1000
2000
2000
star.jpg
8
500
0
1500
0
2000
500
2000
1500
1500
2000
500
2000
0
1500
0
500
PlayerPos
0
0
Obstacle
-550
-1050
1100
50
F
0
Obstacle
500
-1000
500
500
F
3
0
0
500
500
500
0
Obstacle
1000
-550
50
1100
F
0
Obstacle
500
500
500
500
F
3
500
0
0
500
500
500
Obstacle
-550
1000
1100
50
F
0
Obstacle
-1000
500
500
500
F
3
0
0
0
500
500
500
Obstacle
-1050
-550
50
1100
F
0
Obstacle
-1000
-1000
500
500
F
3
0
0
0
500
500
0
Obstacle
-200
-450
400
50
T
0
Obstacle
400
-200
50
400
T
0
Obstacle
-200
400
400
50
T
0
Obstacle
-450
-200
50
400
T
0
Turret
S
750
-37
75
20
75
1
1.57079632679
0
1000
Turret
S
-825
-37
75
20
75
1
1.57079632679
3.14
1000
Turret
S
-37
-825
75
20
75
1
1.57079632679
1.57079632679
1000
Turret
S
-37
750
75
20
75
1
1.57079632679
-1.57079632679
1000
end
